0
0.25
0.5
0.75
1.0
1.25
1.5
1.5
1.5
2.25
2.5
2.5
3.0
3.0
5.5
6.0
6.25
6.5
6.75
7.0
7.25
7.5
7.5
7.5
8.25
8.5
8.5
8.5
9.0
9.0
9.0
11.5
11.5
11.5
11.9354166667
12.0
12.0
12.25
12.5
12.75
13.0
13.5
13.75
14.0
14.25
14.5
14.75
15.0
15.0
15.25
15.5
15.75
16.0
16.5
16.75
17.0
17.25
17.5
17.75
18.0
18.0
18.25
18.5
18.75
19.0
19.5
19.75
20.0
20.25
20.5
20.75
21.0
21.0
23.25
23.5
24.25
24.5
24.75
25.0
25.25
25.5
25.75
26.0
26.25
26.5
26.75
27.0
27.25
27.5
27.75
28.0
28.25
28.5
28.75
29.0
29.25
29.5
29.75
29.9354166667
30.0
30.75
30.75
31.0
31.0
31.5
31.5
32.25
32.25
32.5
32.5
33.0
33.25
33.5
33.75
34.0
34.25
34.5
34.5
34.5
35.5
36.25
36.5
36.75
37.0
37.25
37.4354166667
37.5
38.25
38.5
38.5
39.0
39.0
39.0
41.5
42.25
42.5
42.75
43.0
43.75
44.0
44.25
44.5
45.0
45.25
45.5
45.75
46.0
46.25
46.5
47.5
48.0
48.25
48.5
48.75
49.0
49.25
49.5
49.75
50.0
50.25
50.5
50.75
51.0
51.25
51.5
51.75
52.0
52.25
52.5
54.25
54.5
54.75
55.0
55.75
56.0
56.25
56.5
56.75
57.0
58.5
58.75
59.0
59.25
59.25
59.5
59.5
59.75
60.25
60.5
60.75
61.0
61.25
61.5
61.75
62.0
62.25
62.5
63.25
63.5
63.75
64.0
64.25
64.5
64.75
65.0
65.25
65.5
66.25
66.5
66.75
67.0
67.25
67.5
67.75
68.0
68.25
68.5
69.25
69.5
69.75
70.0
70.25
70.5
70.75
71.0
71.25
71.5
71.75
72.0
72.25
72.5
72.75
73.0
73.25
73.5
74.5
75.0
75.75
76.0
76.5
76.75
77.0
77.25
77.5
78.0
78.75
79.0
79.5
79.75
80.0
80.25
80.5
81.0
81.75
82.0
82.25
82.5
82.75
83.0
83.25
83.5
83.75
84.0
84.0
84.75
85.0
85.5
85.5
85.5
87.25
87.5
87.75
88.0
88.25
88.5
88.75
89.0
89.25
89.5
89.75
90.0
90.25
90.5
90.75
91.0
91.25
91.5
91.75
92.0
92.25
92.5
92.75
93.0
93.5
93.75
94.0
94.25
94.5
94.75
95.0
95.25
95.5
96.25
96.5
96.75
97.0
98.0
98.25
98.5
98.75
99.0
99.25
99.5
99.75
100.0
100.25
100.5
100.5
101.25
101.5
101.5
102.0
102.25
102.5
102.75
103.0
103.25
103.5
104.25
104.5
105.0
105.25
105.5
105.75
106.0
106.25
106.5
107.25
107.5
108.0
108.0
108.25
108.5
108.75
109.0
109.5
109.75
110.0
110.25
110.25
110.5
110.5
110.75
111.0
111.0
111.25
111.5
111.75
112.0
112.25
112.5
113.25
113.25
113.5
113.5
113.75
114.0
114.0
114.25
114.5
114.75
115.0
115.25
115.5
115.5
115.5